0.000000
0.000000
0.000000
0.000000
0.000000
0.000000
0.000000
0.000000
0.000000
0.000000
0.000000
0.000000
0.000000
0.000000
0.000000
0.000000
0.000000
0.000000
0.000000
0.000000
0.000000
0.000000
0.000000
0.000000
0.000000
0.000000
0.000000
0.000000
0.000000
0.000000
0.000002
0.000006
0.000012
0.000029
0.000060
0.000107
0.000184
0.000335
0.000579
0.000970
0.001647
0.002803
0.004577
0.007260
0.011430
0.017641
0.026651
0.039362
0.056961
0.080783
0.111734
0.150607
0.198589
0.255247
0.320575
0.393343
0.470567
0.550515
0.628517
0.702885
0.769971
0.828090
0.876252
0.914604
0.943453
0.964234
0.978280
0.987349
0.993031
0.996298
0.998097
0.999111
0.999613
0.999842
0.999929
0.999972
0.999990
0.999997
0.999997
0.999999
1.000000
1.000000
1.000000
1.000000
1.000000
1.000000
1.000000
1.000000
1.000000
1.000000
1.000000
1.000000
1.000000
1.000000
1.000000
1.000000
1.000000
1.000000
1.000000
1.000000
1.000000
