0.000000
0.000000
0.000000
0.000000
0.000000
0.000000
0.000000
0.000000
0.000000
0.000000
0.000000
0.000001
0.000001
0.000001
0.000001
0.000002
0.000003
0.000007
0.000009
0.000013
0.000022
0.000043
0.000069
0.000130
0.000211
0.000315
0.000485
0.000731
0.001081
0.001548
0.002228
0.003154
0.004470
0.006105
0.008219
0.011192
0.014944
0.019831
0.025961
0.033635
0.043113
0.054350
0.068140
0.084548
0.103586
0.125794
0.151097
0.179638
0.211807
0.247245
0.286032
0.327773
0.371832
0.418225
0.465865
0.514318
0.562720
0.611025
0.657748
0.702524
0.744746
0.783979
0.819608
0.851835
0.880014
0.904645
0.925517
0.942817
0.957045
0.968252
0.976909
0.983681
0.988633
0.992259
0.994838
0.996635
0.997882
0.998741
0.999265
0.999602
0.999796
0.999909
0.999959
0.999981
0.999988
0.999994
0.999997
0.999998
0.999999
1.000000
1.000000
1.000000
1.000000
1.000000
1.000000
1.000000
1.000000
1.000000
1.000000
1.000000
1.000000
