0.000000
0.000000
0.000000
0.000000
0.000000
0.000000
0.000000
0.000000
0.000000
0.000000
0.000000
0.000000
0.000000
0.000000
0.000000
0.000000
0.000000
0.000000
0.000000
0.000000
0.000000
0.000000
0.000000
0.000000
0.000000
0.000000
0.000000
0.000000
0.000000
0.000000
0.000000
0.000000
0.000000
0.000000
0.000000
0.000000
0.000000
0.000002
0.000006
0.000009
0.000019
0.000050
0.000126
0.000273
0.000604
0.001236
0.002487
0.004731
0.009031
0.016516
0.028952
0.049239
0.080095
0.124979
0.186380
0.265054
0.359886
0.465822
0.575589
0.681088
0.774475
0.851610
0.908760
0.948025
0.972756
0.986781
0.994045
0.997531
0.999046
0.999633
0.999874
0.999965
0.999994
0.999997
1.000000
1.000000
1.000000
1.000000
1.000000
1.000000
1.000000
1.000000
1.000000
1.000000
1.000000
1.000000
1.000000
1.000000
1.000000
1.000000
1.000000
1.000000
1.000000
1.000000
1.000000
1.000000
1.000000
1.000000
1.000000
1.000000
1.000000
